7.000e-02 8.000e-03 3.700e+09 0
7.600e-02 1.465e-02 3.700e+09 0
7.200e-02 9.000e-03 3.700e+09 0
7.200e-02 3.400e-02 3.700e+09 0
5.800e-02 2.900e-02 5.000e+09 0
5.800e-02 8.250e-03 5.000e+09 0
2.800e-02 3.600e-03 8.000e+09 1
2.800e-02 5.000e-03 8.000e+09 1
8.130e-02 1.275e-02 2.450e+09 1
6.000e-02 5.500e-03 4.600e+09 1
6.000e-02 7.000e-03 4.600e+09 0
1.090e-01 1.000e-02 2.450e+09 4
1.150e-01 1.600e-02 1.985e+09 2
1.150e-01 2.900e-02 1.985e+09 2
1.150e-01 9.000e-03 1.985e+09 0
1.050e-01 1.150e-02 1.985e+09 0
1.200e-01 1.200e-02 1.985e+09 0
2.200e-01 3.500e-02 8.000e+08 1
2.200e-01 3.500e-02 8.000e+08 2
2.200e-01 2.000e-02 8.000e+08 2
1.000e-01 1.000e-02 2.450e+09 1
1.000e-01 1.000e-02 2.450e+09 2
1.100e-01 1.400e-02 2.450e+09 0
1.650e-01 3.000e-02 1.300e+09 4
1.650e-01 1.800e-02 1.300e+09 3
1.650e-01 1.900e-02 3.700e+09 1
2.440e-01 2.000e-02 8.000e+08 3
7.100e-02 1.500e-02 2.450e+09 1
2.200e-01 2.000e-02 9.000e+08 3
2.400e-01 2.450e-02 8.000e+08 1
2.080e-01 1.000e-02 8.000e+08 3
2.080e-01 1.000e-02 8.000e+08 1
2.080e-01 1.000e-02 8.000e+08 2
8.640e-02 1.000e-02 2.450e+09 1
7.100e-02 1.500e-02 2.450e+09 1
7.600e-02 7.000e-03 3.700e+09 0
7.600e-02 5.500e-03 3.700e+09 0
